0	1
0	2
0	3
0	4
0	5
0	6
0	7
0	8
0	9
0	10
0	11
0	12
0	13
0	14
0	15
0	16
0	17
0	18
0	19
0	20
0	21
0	22
0	23
0	24
0	25
0	26
0	27
0	28
0	29
0	30
0	31
0	32
0	33
0	34
0	35
0	36
0	37
0	38
0	39
0	40
0	41
0	42
0	43
0	44
0	45
0	46
0	47
0	48
0	49
0	50
0	51
0	52
0	53
0	54
0	55
0	56
0	57
0	58
0	59
0	60
0	61
0	62
0	63
0	64
0	65
0	66
0	67
0	68
0	69
0	70
0	71
0	72
0	73
0	74
0	75
0	76
0	77
0	78
0	79
0	80
0	81
0	82
0	83
0	84
0	85
0	86
0	87
0	88
0	89
0	90
0	91
0	92
0	93
0	94
0	95
0	96
0	97
0	98
0	99
0	100
0	101
0	102
0	103
0	104
0	105
0	106
0	107
0	108
0	109
0	110
0	111
0	112
0	113
0	114
0	115
0	116
0	117
0	118
0	119
0	120
0	121
0	122
0	123
0	124
0	125
0	126
0	127
0	128
0	129
0	130
0	131
0	132
0	133
0	134
0	135
0	136
0	137
0	138
0	139
0	140
0	141
0	142
0	143
0	144
0	145
0	146
0	147
0	148
0	149
0	150
0	151
0	152
0	153
0	154
0	155
0	156
0	157
0	158
0	159
0	160
0	161
0	162
0	163
0	164
0	165
0	166
0	167
0	168
0	169
0	170
0	171
0	172
0	173
0	174
0	175
0	176
0	177
0	178
0	179
0	180
0	181
0	182
0	183
0	184
0	185
0	186
0	187
0	188
0	189
0	190
0	191
0	192
0	193
0	194
0	195
0	196
0	197
0	198
0	199
0	200
0	201
0	202
0	203
0	204
0	205
0	206
0	207
0	208
0	209
0	210
0	211
0	212
0	213
0	214
0	215
0	216
0	217
0	218
0	219
0	220
0	221
0	222
0	223
0	224
0	225
0	226
0	227
0	228
0	229
0	230
0	231
0	232
0	233
0	234
0	235
0	236
0	237
1	106
1	118
1	119
1	120
1	121
1	238
2	3
2	209
3	124
3	126
3	209
3	239
4	75
5	45
5	54
5	77
5	105
5	122
5	240
6	118
6	119
6	147
6	241
7	118
7	119
7	149
7	242
8	118
8	119
8	152
8	243
9	118
9	119
9	120
9	121
9	204
9	244
10	12
10	118
10	119
10	120
10	121
10	245
11	36
11	118
11	119
11	246
12	45
12	105
12	247
13	36
13	78
13	158
13	204
14	84
14	193
14	248
15	58
15	59
15	85
15	86
16	37
16	118
16	119
16	249
17	18
17	78
17	118
17	119
17	250
18	78
18	206
19	78
19	120
19	121
19	157
19	158
19	251
20	118
20	119
20	148
20	252
21	118
21	119
21	151
21	253
22	118
22	119
22	150
22	254
23	118
23	119
23	137
23	255
24	34
24	189
24	232
25	31
25	33
25	168
25	231
26	27
26	77
26	256
27	77
27	115
27	257
27	258
28	118
28	119
28	214
28	259
29	30
29	209
29	260
30	209
31	33
31	168
31	231
32	60
32	72
32	74
32	105
32	107
32	209
32	261
33	168
33	194
34	189
35	52
35	78
35	158
35	204
37	85
37	86
37	262
38	39
38	120
38	121
38	123
38	140
38	141
38	263
39	41
39	120
39	121
39	123
39	140
39	141
40	42
40	43
40	120
40	121
40	123
40	140
40	141
41	42
41	120
41	121
41	123
41	140
41	141
42	120
42	121
42	123
42	140
42	141
43	77
43	120
43	121
43	123
43	264
44	77
44	101
44	102
44	109
44	116
44	122
44	221
44	265
45	57
45	77
45	100
45	105
45	106
45	107
45	113
45	118
45	119
45	120
45	121
45	122
45	139
45	203
45	204
45	210
45	225
45	240
45	247
45	266
45	267
45	268
45	269
45	270
45	271
45	272
45	273
45	274
45	275
45	276
45	277
45	278
46	216
46	279
47	73
47	74
47	209
48	49
48	145
48	209
48	280
48	281
49	209
50	51
50	71
50	209
51	120
51	121
51	282
52	118
52	119
52	283
53	63
53	77
53	95
53	122
54	64
54	77
54	122
55	138
55	237
56	156
56	191
56	284
57	58
57	105
57	118
57	119
57	271
58	118
58	119
59	85
59	86
60	62
60	72
60	74
60	105
60	107
60	209
60	285
60	286
61	62
61	115
61	122
61	180
61	196
61	287
61	288
61	289
61	290
62	65
62	72
62	74
62	105
62	108
62	112
62	115
62	120
62	121
62	122
62	196
62	209
62	285
62	286
62	287
62	288
62	290
62	291
62	292
62	293
63	120
63	121
63	294
64	120
64	121
64	234
65	94
65	285
65	291
66	67
66	73
66	74
66	90
66	105
66	107
66	159
66	199
66	220
66	255
66	256
66	291
66	295
66	296
66	297
66	298
67	72
67	74
67	105
67	107
67	196
67	209
67	220
67	286
68	70
68	91
68	105
68	233
69	77
69	81
69	120
69	121
69	299
70	120
70	121
70	233
70	300
71	79
71	209
71	216
72	73
72	74
72	76
72	77
72	78
72	80
72	83
72	87
72	90
72	91
72	92
72	100
72	102
72	105
72	107
72	109
72	122
72	124
72	135
72	145
72	160
72	163
72	167
72	173
72	175
72	176
72	179
72	180
72	181
72	185
72	193
72	194
72	196
72	208
72	209
72	210
72	215
72	216
72	221
72	223
72	236
72	239
72	251
72	260
72	261
72	279
72	281
72	282
72	285
72	286
72	287
72	289
72	293
72	295
72	301
72	302
72	303
72	304
72	305
72	306
72	307
72	308
72	309
72	310
72	311
72	312
72	313
72	314
72	315
72	316
72	317
72	318
72	319
72	320
72	321
72	322
72	323
72	324
72	325
72	326
72	327
72	328
72	329
72	330
72	331
72	332
72	333
72	334
72	335
72	336
72	337
72	338
72	339
72	340
72	341
72	342
72	343
72	344
72	345
73	74
73	78
73	80
73	87
73	90
73	91
73	94
73	99
73	100
73	105
73	107
73	122
73	127
73	155
73	158
73	159
73	160
73	161
73	191
73	209
73	214
73	218
73	220
73	260
73	295
73	315
73	340
73	346
73	347
73	348
73	349
73	350
73	351
73	352
74	76
74	77
74	78
74	80
74	83
74	85
74	87
74	90
74	91
74	92
74	99
74	100
74	102
74	105
74	107
74	109
74	112
74	122
74	124
74	127
74	135
74	141
74	145
74	155
74	158
74	160
74	163
74	167
74	173
74	175
74	176
74	179
74	180
74	181
74	185
74	193
74	194
74	196
74	208
74	209
74	210
74	214
74	215
74	216
74	218
74	220
74	221
74	223
74	226
74	236
74	239
74	251
74	260
74	261
74	279
74	281
74	282
74	285
74	286
74	287
74	289
74	293
74	295
74	301
74	302
74	303
74	304
74	305
74	306
74	307
74	308
74	309
74	310
74	311
74	312
74	313
74	314
74	315
74	316
74	317
74	318
74	319
74	320
74	321
74	322
74	323
74	324
74	325
74	326
74	327
74	328
74	329
74	330
74	331
74	332
74	333
74	334
74	335
74	336
74	337
74	338
74	339
74	341
74	342
74	343
74	344
74	345
74	346
74	347
74	348
74	349
74	350
74	351
74	352
76	175
76	213
76	222
76	281
76	314
76	353
76	354
77	78
77	85
77	86
77	95
77	105
77	107
77	113
77	115
77	118
77	119
77	120
77	121
77	122
77	123
77	146
77	163
77	167
77	203
77	204
77	209
77	221
77	244
77	246
77	250
77	261
77	264
77	265
77	267
77	269
77	276
77	277
77	278
77	283
77	298
77	299
77	303
77	307
77	321
77	337
77	338
77	341
77	352
77	355
77	356
77	357
77	358
77	359
77	360
77	361
77	362
77	363
77	364
78	87
78	91
78	111
78	115
78	118
78	119
78	155
78	157
78	158
78	172
78	198
78	204
78	209
78	210
78	214
78	220
78	224
78	241
78	242
78	243
78	249
78	250
78	252
78	253
78	254
78	262
78	276
78	336
78	337
78	341
78	352
78	356
78	358
78	359
78	360
78	365
78	366
78	367
78	368
78	369
78	370
78	371
78	372
78	373
78	374
78	375
78	376
79	80
79	118
79	119
79	209
79	216
79	257
79	377
79	378
79	379
80	82
80	122
80	257
80	260
80	315
80	378
80	379
81	120
81	121
81	260
82	122
82	135
82	155
83	205
83	208
83	260
84	193
84	221
84	380
84	381
85	86
85	145
85	146
85	147
85	148
85	149
85	150
85	151
85	152
85	191
85	206
85	220
85	224
85	262
85	316
85	337
85	352
85	367
85	368
85	369
85	371
85	372
85	373
85	374
85	375
85	382
85	383
86	145
86	146
86	147
86	148
86	149
86	150
86	151
86	152
86	191
86	206
86	224
86	262
86	337
86	352
86	367
86	368
86	369
86	371
86	372
86	373
86	374
86	375
86	382
86	383
87	89
87	90
87	91
87	94
87	100
87	155
87	158
87	161
87	209
87	219
87	220
87	224
87	376
87	384
87	385
87	386
87	387
87	388
87	389
88	89
88	390
89	384
89	385
89	386
89	387
89	388
89	389
90	94
90	105
90	107
90	120
90	121
90	122
90	127
90	166
90	199
90	220
91	94
91	100
91	105
91	155
91	158
91	161
91	166
91	188
91	209
91	224
91	376
92	93
92	123
92	163
92	209
92	391
92	392
93	117
93	123
93	190
93	193
93	196
93	197
93	198
93	212
93	343
93	391
93	393
94	100
94	118
94	119
94	120
94	121
94	122
94	127
94	161
94	209
95	122
96	118
96	119
96	146
96	157
97	114
97	136
98	113
98	191
98	235
98	349
99	100
99	105
99	107
99	122
99	220
100	105
100	107
100	122
100	137
100	161
100	167
100	191
100	209
100	210
100	220
100	307
100	308
100	313
100	349
100	350
101	102
101	108
101	115
101	122
102	105
102	115
102	122
102	155
102	209
102	221
102	227
102	229
102	302
102	366
103	122
103	221
103	229
104	105
104	110
104	123
104	220
104	258
105	106
105	107
105	110
105	113
105	118
105	119
105	120
105	121
105	122
105	127
105	139
105	167
105	188
105	204
105	209
105	210
105	220
105	221
105	225
105	240
105	247
105	267
105	268
105	269
105	271
105	272
105	273
105	274
105	277
105	285
105	287
105	293
105	297
105	302
105	309
105	314
105	317
105	322
105	334
105	335
105	394
105	395
105	396
106	113
106	118
106	119
106	120
106	121
106	209
106	317
107	118
107	119
107	122
107	127
107	167
107	209
107	220
107	221
107	297
107	314
107	322
107	395
108	112
108	115
108	140
108	160
108	292
109	118
109	119
109	120
109	121
109	122
109	215
109	397
111	118
111	119
111	158
111	191
111	198
111	210
112	141
112	209
112	220
112	292
113	167
113	209
113	235
113	350
113	355
114	136
115	122
115	139
115	158
115	196
115	209
115	221
115	227
115	240
115	257
115	258
115	352
115	356
115	366
115	398
116	122
116	153
116	196
116	209
116	215
117	123
117	190
117	196
118	119
118	122
118	125
118	126
118	127
118	145
118	153
118	155
118	157
118	197
118	198
118	203
118	209
118	210
118	214
118	224
118	225
118	238
118	239
118	241
118	242
118	243
118	244
118	245
118	246
118	249
118	250
118	252
118	253
118	254
118	255
118	257
118	259
118	266
118	268
118	277
118	279
118	283
118	311
118	341
118	364
118	377
118	382
118	397
118	398
118	399
119	122
119	125
119	126
119	127
119	145
119	153
119	155
119	157
119	197
119	198
119	203
119	209
119	210
119	214
119	224
119	225
119	238
119	239
119	241
119	242
119	243
119	244
119	245
119	246
119	249
119	250
119	252
119	253
119	254
119	255
119	257
119	259
119	266
119	268
119	277
119	279
119	283
119	311
119	341
119	364
119	377
119	382
119	397
119	398
119	399
120	121
120	122
120	123
120	145
120	153
120	155
120	203
120	209
120	224
120	225
120	234
120	238
120	244
120	245
120	251
120	260
120	268
120	279
120	282
120	287
120	294
120	299
120	300
120	313
120	317
120	356
120	382
120	383
120	390
120	397
120	400
120	401
120	402
120	403
121	122
121	123
121	145
121	153
121	155
121	203
121	209
121	224
121	225
121	234
121	238
121	244
121	245
121	251
121	260
121	268
121	279
121	282
121	287
121	294
121	299
121	300
121	313
121	317
121	356
121	382
121	383
121	390
121	397
121	400
121	401
121	402
121	403
122	154
122	155
122	160
122	167
122	173
122	174
122	176
122	180
122	182
122	183
122	184
122	185
122	191
122	202
122	209
122	221
122	227
122	229
122	234
122	236
122	237
122	288
122	290
122	297
122	314
122	322
122	394
122	395
122	396
122	404
123	162
123	190
123	196
123	197
123	198
123	207
123	220
123	258
123	277
123	284
123	343
123	361
123	391
123	393
124	126
124	179
124	192
124	211
124	213
124	220
124	222
124	230
124	239
124	321
124	322
124	389
124	405
124	406
124	407
124	408
124	409
125	126
125	410
126	220
126	239
126	257
126	301
126	322
126	405
126	408
126	409
126	411
127	128
127	164
127	220
128	164
129	132
129	133
130	131
130	133
131	133
132	133
134	169
134	170
135	155
135	323
137	167
137	209
139	209
139	268
140	141
140	160
140	263
141	209
141	220
141	263
142	172
142	203
143	144
143	209
144	209
145	165
145	194
145	195
145	220
145	280
145	281
145	314
145	382
145	412
146	337
146	368
147	369
148	372
149	367
150	352
151	373
152	374
153	155
153	196
153	399
153	413
154	155
155	158
155	209
155	220
155	227
155	366
156	191
157	158
158	172
158	198
158	204
158	209
158	210
158	220
158	241
158	242
158	243
158	249
158	252
158	253
158	254
158	341
158	359
158	366
158	367
158	368
158	369
158	370
158	372
158	373
158	374
159	160
159	209
159	220
159	223
159	414
159	415
160	202
160	209
160	223
160	414
160	415
161	191
161	209
162	207
163	209
163	210
163	221
163	339
163	341
165	195
166	209
167	209
167	350
168	194
168	231
169	170
170	171
170	226
171	226
172	210
173	236
173	281
174	234
175	176
175	213
175	222
175	328
176	180
177	178
177	401
179	180
179	181
179	192
179	211
179	213
179	222
179	230
180	181
180	185
180	220
180	287
180	289
181	220
182	184
183	185
185	209
185	234
185	416
186	187
186	209
186	351
186	417
187	188
187	209
187	220
188	220
189	232
190	196
191	224
191	291
191	308
191	349
192	211
193	196
193	209
193	212
193	302
194	195
196	198
196	209
196	221
196	240
196	286
196	302
196	413
197	198
197	209
197	217
198	203
198	221
198	224
198	240
198	271
199	200
199	209
199	220
199	223
199	415
199	416
199	418
200	209
200	223
200	415
201	202
201	209
201	223
201	414
202	209
202	223
202	414
203	224
204	221
204	240
204	274
204	278
204	360
205	208
206	371
208	301
209	210
209	215
209	216
209	217
209	220
209	221
209	224
209	234
209	236
209	257
209	261
209	285
209	286
209	287
209	293
209	294
209	302
209	303
209	307
209	308
209	309
209	311
209	312
209	313
209	314
209	317
209	322
209	334
209	335
209	336
209	337
209	338
209	339
209	341
209	345
209	347
209	348
209	350
209	376
209	395
209	397
209	414
209	415
209	416
209	418
209	419
209	420
209	421
210	221
213	222
213	227
213	228
213	230
213	310
213	422
214	220
214	352
216	221
216	312
216	419
219	220
220	226
220	255
220	256
220	257
220	258
220	264
220	280
220	291
220	296
220	297
220	298
220	305
220	314
220	316
220	322
220	324
220	334
220	338
220	346
220	349
220	350
220	352
220	405
220	412
220	423
220	424
220	425
220	426
220	427
220	428
220	429
221	227
221	229
221	240
221	244
221	247
221	265
221	271
221	274
221	278
221	297
221	359
221	362
221	380
221	381
221	395
221	398
221	424
221	430
223	295
224	225
224	376
225	269
226	324
227	228
227	229
227	230
227	366
228	230
228	310
228	422
230	310
230	422
234	236
234	414
234	416
236	321
236	414
237	404
238	431
239	257
239	279
239	398
240	247
240	274
240	362
240	398
241	374
242	368
243	367
245	265
246	267
247	362
248	451
249	341
250	341
251	304
252	369
253	372
254	373
255	298
256	297
257	258
257	295
257	301
257	311
257	315
257	322
257	378
257	379
257	382
257	411
257	420
257	421
257	433
260	340
261	307
262	358
262	370
264	424
264	425
266	270
266	275
266	377
267	272
267	283
268	279
270	275
273	277
276	278
276	370
276	376
277	361
277	364
278	358
278	359
278	360
278	362
279	311
280	281
280	305
280	314
280	423
282	312
284	361
285	286
285	291
285	309
287	289
287	334
288	290
289	332
289	345
291	296
291	308
294	345
294	416
295	299
295	378
295	379
297	395
298	321
299	379
300	400
301	411
303	304
303	338
305	306
305	314
307	308
309	335
310	324
310	422
311	420
311	421
312	419
313	397
314	322
314	353
314	354
314	412
314	423
315	382
315	433
316	344
318	319
318	320
319	345
321	354
321	406
321	407
322	405
325	326
325	327
329	330
329	331
332	333
334	346
334	426
336	337
338	427
338	429
338	434
338	435
339	341
339	436
342	343
343	393
345	416
346	351
346	426
347	348
349	350
351	417
352	356
352	365
352	375
353	354
353	388
353	438
353	439
353	440
353	441
353	442
353	443
353	444
353	445
353	446
353	447
354	406
354	407
355	448
355	449
355	450
356	383
357	363
358	362
358	370
359	370
360	370
360	371
364	395
365	375
370	371
370	376
375	383
376	436
378	379
380	381
380	430
381	430
384	385
384	389
385	386
386	387
387	388
388	443
388	447
389	406
389	407
390	403
394	396
395	419
395	424
401	402
406	407
408	409
409	437
416	418
420	421
424	425
427	429
431	432
434	435
438	439
438	440
438	441
439	440
439	442
440	441
440	442
442	446
442	447
443	444
443	447
444	445
444	447
445	446
445	447
446	447
448	449
448	450
448	452
449	450
449	452
450	452
